* Measurement data measured by REW V5.31.3
* Source: Input device not selected, no input selected, L, volume: no control
* Format: 256k Log Swept Sine, 1 sweep at -12.0 dBFS with no timing reference
* Dated: Sep 9, 2024 6:18:49 PM
* REW Settings:
*  C-weighting compensation: Off
*  Target level: 75.0 dB
* Note: 
* Measurement: Davinci (Velvet)
* Smoothing: 1/48 octave
* Frequency Step: 1/96 octave
* Start Frequency: 20.145 Hz
*
* Freq(Hz), SPL(dB), Phase(degrees)
20.144928, 83.358, -173.2294
20.290907, 83.357, -173.4065
20.437943, 83.356, -173.5801
20.586044, 83.353, -173.7568
20.735220, 83.350, -173.9366
20.885475, 83.347, -174.1210
21.036821, 83.344, -174.3114
21.189262, 83.341, -174.5065
21.342808, 83.340, -174.7056
21.497467, 83.340, -174.9087
21.653246, 83.341, -175.1121
21.810154, 83.344, -175.3160
21.968201, 83.348, -175.5184
22.127390, 83.354, -175.7174
22.287735, 83.360, -175.9136
22.449242, 83.367, -176.1059
22.611917, 83.375, -176.2945
22.775772, 83.381, -176.4803
22.940815, 83.387, -176.6632
23.107054, 83.392, -176.8435
23.274498, 83.394, -177.0215
23.443153, 83.394, -177.1965
23.613033, 83.392, -177.3684
23.784142, 83.387, -177.5365
23.956491, 83.381, -177.6999
24.130091, 83.373, -177.8591
24.304947, 83.364, -178.0142
24.481071, 83.355, -178.1658
24.658470, 83.347, -178.3168
24.837156, 83.341, -178.4674
25.017136, 83.335, -178.6222
25.198421, 83.332, -178.7811
25.381020, 83.330, -178.9473
25.564941, 83.330, -179.1206
25.750195, 83.329, -179.3004
25.936790, 83.330, -179.4864
26.124741, 83.329, -179.6746
26.314051, 83.328, -179.8645
26.504732, 83.325, 179.9489
26.696796, 83.321, 179.7654
26.890253, 83.316, 179.5880
27.085112, 83.310, 179.4156
27.281382, 83.303, 179.2476
27.479073, 83.296, 179.0818
27.678198, 83.288, 178.9160
27.878765, 83.281, 178.7473
28.080786, 83.275, 178.5741
28.284271, 83.268, 178.3953
28.489231, 83.262, 178.2104
28.695675, 83.257, 178.0215
28.903616, 83.251, 177.8292
29.113064, 83.246, 177.6371
29.324028, 83.242, 177.4464
29.536524, 83.238, 177.2596
29.750557, 83.234, 177.0769
29.966141, 83.231, 176.8990
30.183289, 83.228, 176.7242
30.402010, 83.225, 176.5516
30.622314, 83.222, 176.3791
30.844217, 83.219, 176.2055
31.067726, 83.215, 176.0300
31.292856, 83.210, 175.8526
31.519617, 83.204, 175.6737
31.748020, 83.197, 175.4944
31.978081, 83.188, 175.3156
32.209808, 83.180, 175.1375
32.443211, 83.171, 174.9601
32.678310, 83.162, 174.7824
32.915108, 83.154, 174.6039
33.153625, 83.146, 174.4239
33.393871, 83.139, 174.2440
33.635857, 83.132, 174.0653
33.879597, 83.126, 173.8923
34.125103, 83.119, 173.7270
34.372387, 83.113, 173.5718
34.621464, 83.108, 173.4260
34.872345, 83.103, 173.2857
35.125042, 83.099, 173.1472
35.379574, 83.094, 173.0027
35.635948, 83.089, 172.8491
35.894180, 83.082, 172.6845
36.154285, 83.073, 172.5104
36.416275, 83.063, 172.3320
36.680161, 83.052, 172.1526
36.945961, 83.041, 171.9762
37.213688, 83.031, 171.8032
37.483353, 83.023, 171.6320
37.754974, 83.016, 171.4621
38.028561, 83.010, 171.2932
38.304131, 83.003, 171.1296
38.581699, 82.995, 170.9752
38.861279, 82.987, 170.8318
39.142883, 82.978, 170.6979
39.426529, 82.971, 170.5612
39.712231, 82.965, 170.4066
40.000000, 82.959, 170.2228
40.289856, 82.952, 170.0032
40.581814, 82.943, 169.7541
40.875885, 82.930, 169.4973
41.172089, 82.915, 169.2546
41.470440, 82.899, 169.0432
41.770950, 82.886, 168.8699
42.073643, 82.877, 168.7263
42.378525, 82.872, 168.5913
42.685616, 82.869, 168.4479
42.994934, 82.866, 168.2883
43.306492, 82.859, 168.1149
43.620308, 82.847, 167.9376
43.936401, 82.832, 167.7667
44.254780, 82.814, 167.6051
44.575470, 82.795, 167.4467
44.898483, 82.778, 167.2835
45.223835, 82.761, 167.1115
45.551544, 82.746, 166.9324
45.881630, 82.731, 166.7520
46.214108, 82.719, 166.5750
46.548996, 82.709, 166.4016
46.886307, 82.700, 166.2291
47.226067, 82.690, 166.0575
47.568283, 82.677, 165.8940
47.912983, 82.660, 165.7496
48.260181, 82.641, 165.6300
48.609894, 82.623, 165.5270
48.962143, 82.609, 165.4188
49.316940, 82.598, 165.2799
49.674313, 82.589, 165.0964
50.034271, 82.579, 164.8752
50.396843, 82.567, 164.6425
50.762039, 82.551, 164.4306
51.129883, 82.534, 164.2611
51.500389, 82.517, 164.1356
51.873581, 82.502, 164.0361
52.249481, 82.490, 163.9354
52.628101, 82.479, 163.8097
53.009464, 82.468, 163.6485
53.393593, 82.456, 163.4579
53.780506, 82.441, 163.2559
54.170223, 82.424, 163.0631
54.562763, 82.407, 162.8901
54.958145, 82.390, 162.7304
55.356396, 82.374, 162.5648
55.757530, 82.357, 162.3744
56.161572, 82.338, 162.1573
56.568542, 82.317, 161.9329
56.978462, 82.296, 161.7295
57.391350, 82.277, 161.5646
57.807232, 82.263, 161.4326
58.226128, 82.252, 161.3122
58.648056, 82.240, 161.1857
59.073048, 82.223, 161.0501
59.501114, 82.200, 160.9121
59.932281, 82.176, 160.7714
60.366577, 82.152, 160.6130
60.804020, 82.130, 160.4194
61.244629, 82.108, 160.1929
61.688435, 82.082, 159.9644
62.135452, 82.055, 159.7772
62.585712, 82.028, 159.6520
63.039234, 82.008, 159.5664
63.496040, 81.992, 159.4729
63.956161, 81.978, 159.3377
64.419617, 81.959, 159.1718
64.886421, 81.935, 159.0146
65.356621, 81.909, 158.8866
65.830215, 81.885, 158.7631
66.307251, 81.864, 158.5953
66.787743, 81.843, 158.3664
67.271713, 81.818, 158.1113
67.759193, 81.792, 157.8812
68.250206, 81.768, 157.6880
68.744774, 81.747, 157.4998
69.242928, 81.725, 157.2883
69.744690, 81.698, 157.0667
70.250084, 81.668, 156.8713
70.759148, 81.639, 156.7131
71.271896, 81.618, 156.5672
71.788361, 81.601, 156.4062
72.308571, 81.584, 156.2336
72.832550, 81.564, 156.0712
73.360321, 81.541, 155.9302
73.891922, 81.515, 155.8011
74.427376, 81.489, 155.6683
74.966705, 81.464, 155.5250
75.509949, 81.440, 155.3754
76.057121, 81.415, 155.2302
76.608261, 81.389, 155.0989
77.163399, 81.359, 154.9804
77.722557, 81.328, 154.8633
78.285767, 81.295, 154.7379
78.853058, 81.262, 154.6005
79.424461, 81.230, 154.4512
80.000000, 81.198, 154.2935
80.579712, 81.166, 154.1356
81.163628, 81.134, 153.9819
81.751770, 81.103, 153.8255
82.344177, 81.072, 153.6622
82.940880, 81.040, 153.5062
83.541901, 81.008, 153.3706
84.147285, 80.980, 153.2446
84.757050, 80.954, 153.1061
85.371231, 80.927, 152.9576
85.989868, 80.896, 152.8201
86.612984, 80.862, 152.6964
87.240616, 80.826, 152.5683
87.872803, 80.788, 152.4259
88.509560, 80.753, 152.2838
89.150940, 80.720, 152.1621
89.796967, 80.687, 152.0677
90.447670, 80.653, 151.9835
91.103088, 80.617, 151.8717
91.763260, 80.581, 151.7199
92.428215, 80.545, 151.5709
93.097992, 80.510, 151.4683
93.772614, 80.477, 151.3853
94.452133, 80.443, 151.2625
95.136566, 80.406, 151.1060
95.825966, 80.365, 150.9744
96.520363, 80.327, 150.8878
97.219788, 80.289, 150.8075
97.924286, 80.250, 150.6932
98.633881, 80.210, 150.5550
99.348625, 80.170, 150.4420
100.068542, 80.134, 150.3773
100.793686, 80.100, 150.3224
101.524078, 80.063, 150.2281
102.259766, 80.024, 150.0907
103.000778, 79.985, 149.9409
103.747162, 79.947, 149.8159
104.498962, 79.909, 149.7413
105.256203, 79.870, 149.7052
106.018929, 79.831, 149.6584
106.787186, 79.789, 149.5707
107.561012, 79.745, 149.4600
108.340446, 79.701, 149.3530
109.125526, 79.659, 149.2552
109.916290, 79.617, 149.1706
110.712791, 79.574, 149.1083
111.515060, 79.529, 149.0628
112.323143, 79.484, 149.0103
113.137085, 79.439, 148.9391
113.956924, 79.394, 148.8621
114.782700, 79.350, 148.7882
115.614464, 79.309, 148.7187
116.452255, 79.271, 148.6613
117.296112, 79.233, 148.6094
118.146095, 79.194, 148.5552
119.002228, 79.152, 148.5101
119.864563, 79.108, 148.4699
120.733154, 79.061, 148.4280
121.608040, 79.011, 148.3953
122.489258, 78.961, 148.3624
123.376869, 78.911, 148.3211
124.270905, 78.864, 148.2879
125.171425, 78.821, 148.2545
126.078468, 78.781, 148.2116
126.992081, 78.738, 148.1906
127.912323, 78.691, 148.1890
128.839233, 78.639, 148.1804
129.772842, 78.587, 148.1894
130.713242, 78.540, 148.2125
131.660431, 78.498, 148.2153
132.614502, 78.457, 148.2039
133.575485, 78.413, 148.1806
134.543427, 78.363, 148.1584
135.518387, 78.313, 148.1587
136.500412, 78.264, 148.1784
137.489548, 78.216, 148.2042
138.485855, 78.168, 148.2358
139.489380, 78.122, 148.3064
140.500168, 78.077, 148.3608
141.518295, 78.029, 148.3439
142.543793, 77.978, 148.3538
143.576721, 77.928, 148.4303
144.617142, 77.877, 148.5056
145.665100, 77.825, 148.5751
146.720642, 77.776, 148.6470
147.783844, 77.729, 148.6988
148.854752, 77.683, 148.7392
149.933411, 77.639, 148.7629
151.019897, 77.594, 148.7870
152.114243, 77.546, 148.8572
153.216522, 77.496, 148.9677
154.326797, 77.447, 149.0731
155.445114, 77.399, 149.1449
156.571533, 77.350, 149.2237
157.706116, 77.301, 149.3366
158.848923, 77.250, 149.4663
160.000000, 77.199, 149.5787
161.159424, 77.148, 149.6385
162.327255, 77.099, 149.7147
163.503540, 77.054, 149.8777
164.688354, 77.012, 150.0380
165.881760, 76.969, 150.1632
167.083801, 76.923, 150.2745
168.294571, 76.877, 150.3689
169.514099, 76.830, 150.4811
170.742462, 76.783, 150.6321
171.979736, 76.737, 150.7845
173.225967, 76.693, 150.9046
174.481232, 76.649, 151.0281
175.745605, 76.607, 151.1920
177.019119, 76.561, 151.4218
178.301880, 76.514, 151.6223
179.593933, 76.467, 151.7451
180.895340, 76.423, 151.8690
182.206177, 76.379, 152.0441
183.526520, 76.337, 152.2678
184.856430, 76.298, 152.4675
186.195984, 76.260, 152.6188
187.545227, 76.219, 152.7868
188.904266, 76.176, 152.9942
190.273132, 76.131, 153.1970
191.651932, 76.089, 153.3956
193.040726, 76.051, 153.6139
194.439575, 76.016, 153.8132
195.848572, 75.978, 154.0336
197.267761, 75.938, 154.2680
198.697250, 75.899, 154.4875
200.137085, 75.864, 154.7119
201.587372, 75.828, 154.9709
203.048157, 75.791, 155.2193
204.519531, 75.754, 155.4084
206.001556, 75.718, 155.5710
207.494324, 75.683, 155.7823
208.997925, 75.649, 156.0125
210.512405, 75.620, 156.2220
212.037857, 75.591, 156.4720
213.574371, 75.561, 156.7688
215.122025, 75.529, 157.0528
216.680893, 75.496, 157.3083
218.251053, 75.464, 157.5524
219.832581, 75.432, 157.8161
221.425583, 75.403, 158.0975
223.030121, 75.375, 158.3665
224.646286, 75.347, 158.5958
226.274170, 75.321, 158.8401
227.913849, 75.297, 159.0739
229.565399, 75.271, 159.3009
231.228928, 75.245, 159.5706
232.904510, 75.218, 159.8290
234.592224, 75.190, 160.0898
236.292191, 75.160, 160.3712
238.004456, 75.132, 160.6804
239.729126, 75.109, 160.9734
241.466309, 75.089, 161.2503
243.216080, 75.069, 161.5296
244.978516, 75.046, 161.8046
246.753738, 75.024, 162.0922
248.541809, 75.007, 162.4235
250.342850, 74.995, 162.8232
252.156937, 74.981, 163.1918
253.984161, 74.963, 163.5043
255.824646, 74.944, 163.8342
257.678467, 74.931, 164.1852
259.545685, 74.925, 164.5401
261.426483, 74.924, 164.8485
263.320862, 74.926, 165.1270
265.229004, 74.927, 165.3901
267.150970, 74.926, 165.6661
269.086853, 74.926, 165.9260
271.036774, 74.924, 166.1502
273.000824, 74.916, 166.3651
274.979095, 74.905, 166.6309
276.971710, 74.895, 166.9178
278.978760, 74.885, 167.1505
281.000336, 74.876, 167.3600
283.036591, 74.868, 167.6409
285.087585, 74.863, 167.9474
287.153442, 74.860, 168.2631
289.234283, 74.858, 168.5797
291.330200, 74.861, 168.8879
293.441284, 74.867, 169.1948
295.567688, 74.877, 169.5364
297.709503, 74.888, 169.8816
299.866821, 74.903, 170.1749
302.039795, 74.924, 170.4413
304.228485, 74.953, 170.6798
306.433044, 74.983, 170.8786
308.653595, 75.006, 171.0360
310.890228, 75.023, 171.1594
313.143066, 75.034, 171.2496
315.412231, 75.043, 171.3282
317.697845, 75.050, 171.4174
320.000000, 75.057, 171.5241
322.318848, 75.063, 171.6351
324.654510, 75.068, 171.7428
327.007080, 75.070, 171.8330
329.376709, 75.069, 171.9730
331.763519, 75.071, 172.1038
334.167603, 75.074, 172.2170
336.589142, 75.077, 172.3188
339.028198, 75.081, 172.4300
341.484924, 75.086, 172.5794
343.959473, 75.090, 172.7304
346.451935, 75.090, 172.8519
348.962463, 75.091, 172.9495
351.491211, 75.093, 173.0690
354.038239, 75.094, 173.2104
356.603760, 75.093, 173.2983
359.187866, 75.093, 173.3833
361.790680, 75.092, 173.5098
364.412354, 75.090, 173.6324
367.053040, 75.090, 173.7336
369.712860, 75.090, 173.8281
372.391968, 75.087, 173.9672
375.090454, 75.084, 174.1063
377.808533, 75.084, 174.1957
380.546265, 75.086, 174.2938
383.303864, 75.086, 174.4357
386.081451, 75.083, 174.5578
388.879150, 75.081, 174.6518
391.697144, 75.080, 174.7761
394.535522, 75.080, 174.9113
397.394501, 75.080, 175.0203
400.274170, 75.082, 175.1222
403.174744, 75.083, 175.2026
406.096313, 75.081, 175.2850
409.039062, 75.077, 175.4222
412.003113, 75.073, 175.5384
414.988647, 75.071, 175.6509
417.995850, 75.071, 175.7593
421.024811, 75.067, 175.8406
424.075714, 75.060, 175.9152
427.148743, 75.053, 175.9911
430.244049, 75.048, 176.1057
433.361786, 75.046, 176.2017
436.502106, 75.042, 176.2889
439.665161, 75.037, 176.4177
442.851166, 75.031, 176.5546
446.060242, 75.026, 176.6413
449.292572, 75.021, 176.7109
452.548340, 75.015, 176.8074
455.827698, 75.006, 176.9092
459.130798, 74.996, 177.0013
462.457855, 74.987, 177.1005
465.809021, 74.979, 177.2294
469.184448, 74.971, 177.3856
472.584381, 74.965, 177.5060
476.008911, 74.959, 177.5859
479.458252, 74.951, 177.7005
482.932617, 74.941, 177.8638
486.432159, 74.929, 177.9805
489.957031, 74.918, 178.1044
493.507477, 74.912, 178.2671
497.083618, 74.909, 178.4235
500.685699, 74.905, 178.5356
504.313873, 74.900, 178.6522
507.968323, 74.897, 178.7966
511.649292, 74.895, 178.9229
515.356934, 74.892, 179.0521
519.091370, 74.887, 179.2007
522.852966, 74.882, 179.3478
526.641724, 74.875, 179.4771
530.458008, 74.867, 179.5816
534.301941, 74.860, 179.7080
538.173706, 74.854, 179.8657
542.073547, 74.848, 179.9915
546.001648, 74.841, -179.9240
549.958191, 74.832, -179.8050
553.943420, 74.826, -179.6790
557.957520, 74.820, -179.5999
562.000671, 74.811, -179.5471
566.073181, 74.802, -179.4458
570.175171, 74.793, -179.3096
574.306885, 74.784, -179.1799
578.468567, 74.775, -179.0588
582.660400, 74.764, -178.9653
586.882568, 74.754, -178.8789
591.135376, 74.742, -178.7279
595.419006, 74.726, -178.5725
599.733643, 74.710, -178.4019
604.079590, 74.694, -178.2248
608.456970, 74.680, -178.0850
612.866089, 74.666, -177.9603
617.307190, 74.649, -177.8238
621.780457, 74.633, -177.6540
626.286133, 74.619, -177.4759
630.824463, 74.603, -177.2844
635.395691, 74.590, -177.0948
640.000000, 74.577, -176.9264
644.637695, 74.564, -176.7658
649.309021, 74.550, -176.5828
654.014160, 74.535, -176.3671
658.753418, 74.519, -176.2018
663.527039, 74.503, -175.9928
668.335205, 74.489, -175.7505
673.178284, 74.476, -175.5752
678.056396, 74.463, -175.4093
682.969849, 74.452, -175.2033
687.918945, 74.440, -174.9886
692.903870, 74.426, -174.7797
697.924927, 74.411, -174.5495
702.982422, 74.395, -174.3224
708.076477, 74.379, -174.0777
713.207520, 74.362, -173.8175
718.375732, 74.347, -173.5512
723.581360, 74.333, -173.2728
728.824707, 74.320, -172.9882
734.106079, 74.307, -172.7163
739.425720, 74.296, -172.4621
744.783936, 74.286, -172.1908
750.180908, 74.278, -171.9108
755.617065, 74.267, -171.6180
761.092529, 74.254, -171.3342
766.607727, 74.243, -171.0621
772.162903, 74.233, -170.7767
777.758301, 74.222, -170.5016
783.394287, 74.211, -170.1663
789.071045, 74.202, -169.7859
794.789001, 74.195, -169.4488
800.548340, 74.189, -169.1554
806.349487, 74.186, -168.8429
812.192627, 74.181, -168.5070
818.078125, 74.175, -168.1497
824.006226, 74.170, -167.7923
829.977295, 74.168, -167.4340
835.991699, 74.167, -167.0572
842.049622, 74.166, -166.6708
848.151428, 74.167, -166.2919
854.297485, 74.169, -165.9345
860.488098, 74.171, -165.5599
866.723572, 74.171, -165.1327
873.004211, 74.172, -164.7112
879.330322, 74.178, -164.3399
885.702332, 74.187, -163.9659
892.120483, 74.197, -163.5685
898.585144, 74.208, -163.1481
905.096680, 74.217, -162.7040
911.655396, 74.229, -162.2718
918.261597, 74.245, -161.8838
924.915710, 74.264, -161.5058
931.618042, 74.281, -161.1095
938.368896, 74.299, -160.7233
945.168762, 74.322, -160.3027
952.017822, 74.346, -159.8700
958.916504, 74.372, -159.4413
965.865234, 74.400, -159.0134
972.864319, 74.431, -158.6009
979.914062, 74.460, -158.1917
987.014954, 74.492, -157.7957
994.167236, 74.528, -157.4642
1001.371399, 74.562, -157.1279
1008.627747, 74.592, -156.6720
1015.936646, 74.625, -156.2740
1023.298584, 74.665, -155.8796
1030.713867, 74.707, -155.4637
1038.182739, 74.749, -155.0683
1045.705933, 74.791, -154.7180
1053.283447, 74.835, -154.3525
1060.916016, 74.881, -153.9785
1068.603882, 74.928, -153.6261
1076.347412, 74.974, -153.2656
1084.147095, 75.022, -152.9290
1092.003296, 75.073, -152.6208
1099.916382, 75.127, -152.2941
1107.886841, 75.183, -151.9597
1115.915039, 75.241, -151.6261
1124.001343, 75.301, -151.3453
1132.146362, 75.362, -151.0798
1140.350342, 75.421, -150.8153
1148.613770, 75.478, -150.6113
1156.937134, 75.536, -150.4317
1165.320801, 75.599, -150.2432
1173.765137, 75.665, -150.0465
1182.270752, 75.730, -149.8504
1190.838013, 75.794, -149.6806
1199.467285, 75.857, -149.5384
1208.159180, 75.917, -149.4546
1216.913940, 75.974, -149.3906
1225.732178, 76.030, -149.2965
1234.614380, 76.084, -149.2265
1243.560913, 76.135, -149.1427
1252.572266, 76.182, -149.0531
1261.648926, 76.228, -149.0193
1270.791382, 76.272, -149.0088
1280.000000, 76.316, -148.9655
1289.275391, 76.359, -148.9074
1298.618042, 76.399, -148.8402
1308.028320, 76.435, -148.7556
1317.506836, 76.473, -148.6706
1327.054077, 76.509, -148.5912
1336.670410, 76.542, -148.5008
1346.356567, 76.573, -148.4315
1356.112793, 76.606, -148.3813
1365.939697, 76.641, -148.2838
1375.837891, 76.675, -148.1462
1385.807739, 76.709, -148.0139
1395.849854, 76.743, -147.9010
1405.964844, 76.778, -147.7744
1416.152954, 76.810, -147.6497
1426.415039, 76.840, -147.5010
1436.751465, 76.872, -147.3489
1447.162720, 76.907, -147.1887
1457.649414, 76.943, -147.0407
1468.212158, 76.980, -146.8878
1478.851440, 77.017, -146.7287
1489.567871, 77.055, -146.5513
1500.361816, 77.094, -146.3576
1511.234131, 77.134, -146.1746
1522.185059, 77.174, -146.0088
1533.215454, 77.215, -145.8304
1544.325806, 77.258, -145.6438
1555.516602, 77.303, -145.4616
1566.788574, 77.348, -145.2823
1578.142090, 77.395, -145.1046
1589.578003, 77.443, -144.8981
1601.096680, 77.492, -144.6853
1612.698975, 77.543, -144.4946
1624.385254, 77.597, -144.2996
1636.156250, 77.652, -144.1135
1648.012451, 77.708, -143.9352
1659.954590, 77.763, -143.7466
1671.983398, 77.821, -143.5840
1684.099243, 77.881, -143.4205
1696.302856, 77.944, -143.2386
1708.594971, 78.009, -143.0522
1720.976196, 78.075, -142.9075
1733.447144, 78.144, -142.7736
1746.008423, 78.212, -142.6156
1758.660645, 78.280, -142.4579
1771.404663, 78.350, -142.3385
1784.240967, 78.422, -142.2224
1797.170288, 78.496, -142.1113
1810.193359, 78.573, -142.0069
1823.310791, 78.652, -141.9326
1836.523193, 78.733, -141.8541
1849.831421, 78.815, -141.7756
1863.236084, 78.897, -141.7230
1876.737793, 78.981, -141.6867
1890.337524, 79.066, -141.6791
1904.035645, 79.152, -141.6910
1917.833008, 79.238, -141.7266
1931.730469, 79.325, -141.7600
1945.728638, 79.412, -141.8201
1959.828125, 79.500, -141.9104
1974.029907, 79.585, -141.9830
1988.334473, 79.670, -142.0705
2002.742798, 79.758, -142.1936
2017.255493, 79.850, -142.3589
2031.873291, 79.942, -142.5410
2046.597168, 80.030, -142.7327
2061.427734, 80.116, -142.9382
2076.365479, 80.203, -143.1720
2091.411865, 80.289, -143.4408
2106.566895, 80.374, -143.7153
2121.832031, 80.456, -143.9987
2137.207764, 80.536, -144.3085
2152.694824, 80.614, -144.6206
2168.294189, 80.690, -144.9302
2184.006592, 80.764, -145.2605
2199.832764, 80.839, -145.6269
2215.773682, 80.913, -146.0177
2231.830078, 80.983, -146.4060
2248.002686, 81.050, -146.7929
2264.292725, 81.114, -147.1824
2280.700684, 81.177, -147.5809
2297.227539, 81.238, -147.9914
2313.874268, 81.299, -148.4144
2330.641602, 81.358, -148.8496
2347.530273, 81.416, -149.2800
2364.541504, 81.472, -149.7094
2381.676025, 81.527, -150.1372
2398.934570, 81.583, -150.5708
2416.318359, 81.638, -151.0156
2433.827881, 81.691, -151.4600
2451.464355, 81.743, -151.9195
2469.228760, 81.797, -152.4000
2487.121826, 81.852, -152.8831
2505.144531, 81.907, -153.3712
2523.297852, 81.960, -153.8753
2541.582764, 82.013, -154.3912
2560.000000, 82.068, -154.9165
2578.550781, 82.122, -155.4841
2597.236084, 82.175, -156.0672
2616.056641, 82.229, -156.6584
2635.013672, 82.284, -157.2835
2654.108154, 82.339, -157.9560
2673.340820, 82.393, -158.6638
2692.713135, 82.444, -159.3928
2712.225586, 82.491, -160.1712
2731.879395, 82.536, -161.0061
2751.675781, 82.577, -161.8851
2771.615479, 82.613, -162.8149
2791.699707, 82.643, -163.7895
2811.929688, 82.666, -164.7783
2832.305908, 82.680, -165.8050
2852.830078, 82.685, -166.8896
2873.502930, 82.680, -168.0225
2894.325439, 82.661, -169.1863
2915.298828, 82.630, -170.3618
2936.424316, 82.583, -171.5422
2957.702881, 82.519, -172.7267
2979.135742, 82.438, -173.8970
3000.723633, 82.339, -175.0252
3022.468262, 82.223, -176.0793
3044.370117, 82.090, -177.0410
3066.430908, 81.942, -177.9040
3088.651611, 81.783, -178.6381
3111.033203, 81.616, -179.2068
3133.577148, 81.447, -179.5892
3156.284180, 81.283, -179.8061
3179.156006, 81.128, -179.8845
3202.193359, 80.984, -179.8436
3225.397949, 80.857, -179.7047
3248.770508, 80.751, -179.4973
3272.312500, 80.664, -179.2595
3296.024902, 80.593, -179.0242
3319.909180, 80.536, -178.7917
3343.966797, 80.490, -178.5942
3368.198486, 80.454, -178.4596
3392.605713, 80.426, -178.3781
3417.189941, 80.402, -178.3527
3441.952393, 80.383, -178.3665
3466.894287, 80.366, -178.3980
3492.016846, 80.351, -178.4505
3517.321289, 80.337, -178.5573
3542.809326, 80.324, -178.6840
3568.481934, 80.310, -178.7999
3594.340576, 80.296, -178.9159
3620.386719, 80.283, -179.0756
3646.621582, 80.271, -179.2683
3673.046387, 80.261, -179.4520
3699.662842, 80.252, -179.6279
3726.472168, 80.242, -179.8257
3753.475586, 80.232, 179.9485
3780.675049, 80.223, 179.7286
3808.071289, 80.215, 179.5266
3835.666016, 80.211, 179.3138
3863.460938, 80.209, 179.0621
3891.457275, 80.208, 178.8003
3919.656250, 80.210, 178.5439
3948.059814, 80.216, 178.2589
3976.668945, 80.225, 177.9346
4005.485596, 80.236, 177.5883
4034.510986, 80.250, 177.1866
4063.746582, 80.265, 176.7448
4093.194336, 80.281, 176.2733
4122.855469, 80.297, 175.7240
4152.730957, 80.313, 175.1198
4182.823730, 80.329, 174.4778
4213.133789, 80.340, 173.7635
4243.664062, 80.346, 172.9871
4274.415527, 80.345, 172.1747
4305.389648, 80.337, 171.3072
4336.588379, 80.322, 170.3796
4368.013184, 80.297, 169.4113
4399.665527, 80.262, 168.4017
4431.547363, 80.215, 167.3812
4463.660156, 80.156, 166.3672
4496.005371, 80.085, 165.3434
4528.585449, 80.004, 164.3428
4561.401367, 79.913, 163.3576
4594.455078, 79.816, 162.4148
4627.748535, 79.714, 161.5119
4661.283203, 79.605, 160.6413
4695.060547, 79.493, 159.8162
4729.083008, 79.377, 159.0131
4763.352051, 79.258, 158.2314
4797.869141, 79.137, 157.4572
4832.636719, 79.015, 156.7046
4867.655762, 78.892, 155.9647
4902.928711, 78.765, 155.2421
4938.457520, 78.635, 154.5297
4974.243652, 78.503, 153.8372
5010.289062, 78.369, 153.1316
5046.595703, 78.232, 152.4079
5083.165527, 78.092, 151.6990
5120.000000, 77.944, 150.9992
5157.101562, 77.787, 150.3083
5194.472168, 77.620, 149.6653
5232.113281, 77.446, 149.0592
5270.027344, 77.268, 148.4892
5308.216309, 77.084, 147.9748
5346.681641, 76.894, 147.5292
5385.426270, 76.700, 147.1631
5424.451172, 76.507, 146.8932
5463.758789, 76.317, 146.6993
5503.351562, 76.132, 146.5492
5543.230957, 75.949, 146.4611
5583.399414, 75.770, 146.4449
5623.859375, 75.596, 146.4933
5664.611816, 75.429, 146.5702
5705.660156, 75.269, 146.6986
5747.005859, 75.117, 146.8749
5788.650879, 74.974, 147.0815
5830.597656, 74.841, 147.3165
5872.848633, 74.714, 147.5825
5915.405762, 74.595, 147.8895
5958.271484, 74.486, 148.2622
6001.447266, 74.390, 148.6411
6044.936523, 74.309, 148.9914
6088.740234, 74.239, 149.3581
6132.861816, 74.180, 149.7262
6177.303223, 74.132, 150.0977
6222.066406, 74.095, 150.4868
6267.154297, 74.073, 150.8262
6312.568359, 74.066, 151.1152
6358.312012, 74.069, 151.4066
6404.386719, 74.084, 151.6857
6450.795898, 74.112, 151.8972
6497.541016, 74.154, 152.0750
6544.625000, 74.207, 152.2451
6592.049805, 74.274, 152.3788
6639.818359, 74.357, 152.4666
6687.933594, 74.458, 152.5295
6736.396973, 74.576, 152.5081
6785.211426, 74.705, 152.3897
6834.379883, 74.845, 152.1923
6883.904785, 74.999, 151.9337
6933.788574, 75.169, 151.6024
6984.033691, 75.354, 151.1748
7034.642578, 75.549, 150.6194
7085.618652, 75.757, 149.9593
7136.963867, 75.983, 149.1880
7188.681152, 76.225, 148.2978
7240.773438, 76.476, 147.2908
7293.243164, 76.738, 146.1290
7346.092773, 77.019, 144.8246
7399.325684, 77.321, 143.3700
7452.944336, 77.638, 141.6367
7506.951172, 77.961, 139.5753
7561.350098, 78.281, 137.2338
7616.142578, 78.593, 134.6053
7671.332031, 78.894, 131.6505
7726.921875, 79.174, 128.3467
7782.914551, 79.424, 124.7621
7839.312500, 79.633, 120.9202
7896.119629, 79.794, 116.8704
7953.337891, 79.904, 112.6953
8010.971191, 79.964, 108.4077
8069.021973, 79.973, 104.0429
8127.493164, 79.926, 99.6692
8186.388672, 79.820, 95.3711
8245.710938, 79.660, 91.1986
8305.461914, 79.451, 87.2321
8365.647461, 79.203, 83.5183
8426.267578, 78.920, 80.0474
8487.328125, 78.609, 76.8184
8548.831055, 78.274, 73.8386
8610.779297, 77.912, 71.0742
8673.176758, 77.511, 68.5613
8736.026367, 77.079, 66.6443
8799.331055, 76.670, 65.6373
8863.094727, 76.340, 64.9747
8927.320312, 76.069, 64.0164
8992.010742, 75.813, 62.9159
9057.170898, 75.551, 61.8916
9122.802734, 75.284, 61.0019
9188.910156, 75.020, 60.2781
9255.497070, 74.765, 59.7041
9322.566406, 74.521, 59.2350
9390.121094, 74.287, 58.8454
9458.166016, 74.063, 58.5610
9526.704102, 73.849, 58.3956
9595.738281, 73.643, 58.3038
9665.273438, 73.445, 58.2469
9735.311523, 73.255, 58.2692
9805.857422, 73.078, 58.3539
9876.915039, 72.908, 58.4975
9948.487305, 72.746, 58.7274
10020.578125, 72.593, 59.0108
10093.191406, 72.449, 59.3207
10166.331055, 72.308, 59.7546
10240.000000, 72.169, 60.2696
10314.203125, 72.034, 60.8412
10388.944336, 71.910, 61.5019
10464.226562, 71.800, 62.2867
10540.054688, 71.703, 63.1800
10616.432617, 71.614, 64.0446
10693.363281, 71.536, 64.8795
10770.852539, 71.464, 65.7950
10848.902344, 71.397, 66.7999
10927.517578, 71.339, 67.7974
11006.703125, 71.293, 68.8481
11086.461914, 71.260, 70.0737
11166.798828, 71.237, 71.3186
11247.718750, 71.225, 72.5265
11329.223633, 71.227, 73.7819
11411.320312, 71.246, 75.1075
11494.011719, 71.276, 76.4800
11577.301758, 71.317, 77.8276
11661.195312, 71.370, 79.1720
11745.697266, 71.440, 80.5471
11830.811523, 71.524, 81.9679
11916.542969, 71.619, 83.3442
12002.894531, 71.727, 84.6566
12089.873047, 71.847, 85.9793
12177.480469, 71.981, 87.2825
12265.723633, 72.124, 88.5202
12354.606445, 72.275, 89.7243
12444.132812, 72.439, 90.9476
12534.308594, 72.621, 92.2186
12625.136719, 72.828, 93.5314
12716.624023, 73.067, 94.8013
12808.773438, 73.340, 95.9565
12901.591797, 73.643, 96.9364
12995.082031, 73.970, 97.6334
13089.250000, 74.315, 98.0028
13184.099609, 74.669, 98.0681
13279.636719, 75.023, 97.8353
13375.867188, 75.369, 97.2808
13472.793945, 75.707, 96.4385
13570.422852, 76.029, 95.3124
13668.759766, 76.325, 93.8845
13767.809570, 76.592, 92.1961
13867.577148, 76.824, 90.2550
13968.067383, 77.016, 88.1019
14069.285156, 77.165, 85.8089
14171.237305, 77.273, 83.3887
14273.927734, 77.342, 80.8716
14377.362305, 77.374, 78.2806
14481.546875, 77.372, 75.6404
14586.486328, 77.336, 72.9248
14692.185547, 77.260, 70.1388
14798.651367, 77.147, 67.2784
14905.888672, 76.992, 64.2646
15013.902344, 76.782, 61.0809
15122.700195, 76.497, 57.7302
15232.285156, 76.112, 54.2769
15342.664062, 75.602, 50.9357
15453.843750, 74.950, 48.2002
15565.829102, 74.188, 46.8339
15678.625000, 73.447, 47.4275
15792.239258, 72.895, 49.3222
15906.675781, 72.570, 50.7048
16021.942383, 72.341, 50.6707
16138.043945, 72.072, 49.7355
16254.986328, 71.717, 48.6899
16372.777344, 71.292, 47.9131
16491.421875, 70.825, 47.4222
16610.923828, 70.336, 47.1638
16731.294922, 69.836, 47.1977
16852.535156, 69.337, 47.4061
16974.656250, 68.843, 47.7434
17097.662109, 68.351, 48.1986
17221.558594, 67.850, 48.6518
17346.353516, 67.326, 49.1422
17472.052734, 66.776, 49.8248
17598.662109, 66.198, 50.7532
17726.189453, 65.595, 52.0535
17854.640625, 64.991, 53.7032
17984.021484, 64.409, 55.7022
18114.341797, 63.862, 58.0096
18245.605469, 63.352, 60.5128
18377.820312, 62.868, 63.1094
18510.994141, 62.405, 65.9635
18645.132812, 61.991, 68.9453
18780.242188, 61.666, 71.8683
18916.332031, 61.436, 74.6732
19053.408203, 61.252, 76.5752
19191.476562, 61.031, 76.9174
19330.546875, 60.697, 76.1674
19470.623047, 60.191, 75.3278
19611.714844, 59.523, 74.9608
19753.830078, 58.794, 75.1391
19896.974609, 58.181, 75.8169
