* Measurement data measured by REW V5.31.3
* Source: Input device not selected, no input selected, L, volume: no control
* Format: 256k Log Swept Sine, 1 sweep at -12.0 dBFS with no timing reference
* Dated: Sep 24, 2024 10:22:55 PM
* REW Settings:
*  C-weighting compensation: Off
*  Target level: 75.0 dB
* Note: ; 
* Measurement: Studio 4 (Velvet Wide)
* Smoothing: 1/24 octave
* Frequency Step: 1/48 octave
* Start Frequency: 20.300 Hz
*
* Freq(Hz), SPL(dB), Phase(degrees)
20.299999, 80.832, 26.5815
20.600000, 80.801, 26.0329
20.900000, 80.805, 25.4580
21.200001, 80.859, 24.7987
21.400000, 80.916, 24.2817
21.799999, 81.041, 23.1077
22.000000, 81.091, 22.5143
22.400000, 81.139, 21.5036
22.700001, 81.129, 20.9965
23.000000, 81.094, 20.6963
23.299999, 81.053, 20.4957
23.600000, 81.024, 20.2356
24.000000, 81.017, 19.5550
24.299999, 81.035, 18.7363
24.700001, 81.076, 17.3765
25.000000, 81.112, 16.3502
25.400000, 81.161, 15.2416
25.799999, 81.208, 14.5283
26.200001, 81.247, 14.0487
26.500000, 81.257, 13.6551
26.900000, 81.225, 12.8968
27.200001, 81.157, 12.1448
27.600000, 81.021, 11.0697
28.000000, 80.887, 10.1849
28.500000, 80.829, 9.5320
29.000000, 80.944, 8.9926
29.500000, 81.123, 7.9812
30.000000, 81.199, 6.5437
30.400000, 81.149, 5.5255
30.700001, 81.076, 5.0668
31.100000, 81.005, 4.9076
31.500000, 81.020, 5.0090
32.000000, 81.142, 4.8710
32.500000, 81.243, 4.1473
33.000000, 81.212, 3.1818
33.500000, 81.069, 2.4332
34.000000, 80.927, 1.9070
34.500000, 80.872, 1.2253
35.000000, 80.894, 0.1836
35.500000, 80.931, -0.9632
36.000000, 80.942, -1.8171
36.500000, 80.922, -2.2380
37.000000, 80.879, -2.3917
37.500000, 80.824, -2.5294
38.200001, 80.761, -2.9540
38.700001, 80.752, -3.4601
39.500000, 80.794, -4.4948
40.000000, 80.827, -5.0931
40.599998, 80.857, -5.5616
41.200001, 80.876, -5.7892
41.799999, 80.871, -6.0449
42.500000, 80.796, -6.7307
43.099998, 80.664, -7.6516
43.700001, 80.512, -8.6040
44.400002, 80.398, -9.3835
45.000000, 80.385, -9.7555
45.500000, 80.402, -10.0239
46.200001, 80.400, -10.5548
46.799999, 80.356, -11.1600
47.500000, 80.303, -11.8995
48.200001, 80.287, -12.5357
48.700001, 80.288, -12.8944
49.400002, 80.272, -13.2988
50.000000, 80.231, -13.6172
50.799999, 80.173, -14.0617
51.500000, 80.164, -14.5103
52.200001, 80.181, -15.0761
53.000000, 80.148, -15.7703
53.799999, 80.040, -16.2726
54.500000, 79.940, -16.5989
55.200001, 79.871, -17.0382
56.000000, 79.820, -17.6524
57.000000, 79.780, -18.2086
58.000000, 79.747, -18.6166
59.000000, 79.678, -19.1568
60.000000, 79.607, -19.7517
60.799999, 79.559, -20.2270
61.500000, 79.507, -20.5884
62.200001, 79.448, -20.8887
63.000000, 79.390, -21.2509
64.000000, 79.321, -21.7362
65.000000, 79.243, -22.0709
66.000000, 79.174, -22.4324
67.000000, 79.111, -22.9260
68.000000, 79.047, -23.3788
69.000000, 78.979, -23.7670
70.000000, 78.924, -24.0567
71.000000, 78.882, -24.3374
72.000000, 78.812, -24.7179
73.000000, 78.720, -25.0677
74.000000, 78.640, -25.2783
75.000000, 78.579, -25.4219
76.199997, 78.518, -25.7443
77.500000, 78.430, -26.1012
78.800003, 78.337, -26.3522
80.000000, 78.265, -26.6871
81.199997, 78.187, -26.9869
82.500000, 78.093, -27.2790
83.800003, 78.003, -27.5482
85.000000, 77.922, -27.7688
86.199997, 77.846, -27.9560
87.500000, 77.771, -28.1231
88.500000, 77.710, -28.2575
90.000000, 77.620, -28.4755
91.199997, 77.558, -28.6630
92.500000, 77.493, -28.8583
93.800003, 77.418, -29.0172
95.000000, 77.337, -29.1459
96.199997, 77.257, -29.2622
97.500000, 77.174, -29.3767
98.800003, 77.103, -29.4759
100.000000, 77.044, -29.5565
101.500000, 76.972, -29.6607
103.000000, 76.900, -29.7669
104.400002, 76.828, -29.8626
106.000000, 76.753, -29.9296
107.500000, 76.686, -29.9430
109.000000, 76.616, -29.9853
110.599998, 76.539, -30.0403
112.000000, 76.472, -30.0800
113.800003, 76.390, -30.0767
115.000000, 76.339, -30.0926
117.199997, 76.248, -30.1072
118.000000, 76.216, -30.1064
120.599998, 76.114, -30.1012
122.000000, 76.057, -30.0574
124.099998, 75.973, -30.0340
125.000000, 75.940, -30.0261
126.500000, 75.883, -30.0000
128.000000, 75.822, -29.9702
131.500000, 75.695, -29.8185
132.000000, 75.680, -29.7877
134.000000, 75.620, -29.6815
136.000000, 75.562, -29.6103
138.000000, 75.498, -29.5182
140.000000, 75.433, -29.4086
143.000000, 75.335, -29.2428
145.000000, 75.267, -29.1486
147.500000, 75.194, -29.0388
150.000000, 75.133, -28.8854
152.500000, 75.069, -28.6854
155.000000, 75.008, -28.4725
157.500000, 74.951, -28.2740
160.000000, 74.896, -28.1204
162.500000, 74.841, -27.9515
165.000000, 74.791, -27.8308
167.500000, 74.744, -27.6857
170.000000, 74.698, -27.5094
172.500000, 74.657, -27.3470
175.000000, 74.622, -27.1134
177.500000, 74.587, -26.8904
180.000000, 74.546, -26.7805
182.500000, 74.505, -26.6303
185.000000, 74.468, -26.4497
187.500000, 74.431, -26.2722
190.000000, 74.395, -26.0997
192.500000, 74.365, -25.9229
195.000000, 74.338, -25.7355
197.500000, 74.311, -25.5629
200.000000, 74.284, -25.3886
203.000000, 74.254, -25.1384
206.000000, 74.223, -24.9179
209.000000, 74.190, -24.7661
212.000000, 74.163, -24.6066
214.000000, 74.146, -24.5043
218.000000, 74.112, -24.3007
220.000000, 74.099, -24.1874
224.000000, 74.075, -23.9707
227.000000, 74.059, -23.8250
230.000000, 74.044, -23.6704
233.000000, 74.027, -23.5212
236.000000, 74.008, -23.3618
240.000000, 73.985, -23.1435
243.000000, 73.970, -22.9934
247.000000, 73.953, -22.7949
250.000000, 73.943, -22.6618
254.000000, 73.930, -22.4857
258.000000, 73.917, -22.3230
262.000000, 73.907, -22.1539
265.000000, 73.905, -22.0497
269.000000, 73.898, -21.9141
272.000000, 73.890, -21.8040
276.000000, 73.877, -21.6689
280.000000, 73.865, -21.5512
285.000000, 73.851, -21.4226
290.000000, 73.840, -21.2497
295.000000, 73.829, -21.0971
300.000000, 73.812, -20.9560
304.000000, 73.799, -20.8349
307.000000, 73.788, -20.7213
311.000000, 73.773, -20.5810
315.000000, 73.759, -20.4525
320.000000, 73.743, -20.3398
325.000000, 73.731, -20.2569
330.000000, 73.721, -20.1804
335.000000, 73.715, -20.1043
340.000000, 73.713, -19.9920
345.000000, 73.707, -19.8967
350.000000, 73.700, -19.8124
355.000000, 73.691, -19.7366
360.000000, 73.685, -19.6692
365.000000, 73.680, -19.5758
370.000000, 73.672, -19.4689
375.000000, 73.664, -19.3904
382.000000, 73.658, -19.3074
387.000000, 73.657, -19.2522
395.000000, 73.651, -19.1318
400.000000, 73.644, -19.0374
406.000000, 73.635, -18.9618
412.000000, 73.627, -18.9085
418.000000, 73.620, -18.8162
425.000000, 73.607, -18.6947
431.000000, 73.599, -18.6316
437.000000, 73.595, -18.5545
444.000000, 73.590, -18.4683
450.000000, 73.586, -18.4066
455.000000, 73.581, -18.3347
462.000000, 73.572, -18.2324
468.000000, 73.566, -18.1671
475.000000, 73.560, -18.0823
482.000000, 73.555, -17.9915
487.000000, 73.549, -17.9246
494.000000, 73.536, -17.8140
500.000000, 73.526, -17.7100
508.000000, 73.516, -17.6021
515.000000, 73.506, -17.5119
522.000000, 73.502, -17.4023
530.000000, 73.496, -17.2474
538.000000, 73.477, -17.1027
545.000000, 73.459, -17.0066
552.000000, 73.445, -16.8959
560.000000, 73.434, -16.7384
570.000000, 73.426, -16.5670
580.000000, 73.413, -16.4034
590.000000, 73.405, -16.2175
600.000000, 73.394, -15.9854
608.000000, 73.385, -15.8010
615.000000, 73.378, -15.6433
622.000000, 73.369, -15.4999
630.000000, 73.360, -15.3467
640.000000, 73.354, -15.1001
650.000000, 73.349, -14.8292
660.000000, 73.338, -14.5747
670.000000, 73.328, -14.3109
680.000000, 73.324, -14.0230
690.000000, 73.322, -13.7326
700.000000, 73.320, -13.4461
710.000000, 73.317, -13.1591
720.000000, 73.312, -12.8533
730.000000, 73.310, -12.5166
740.000000, 73.311, -12.1743
750.000000, 73.316, -11.8292
762.000000, 73.327, -11.4101
775.000000, 73.339, -10.9592
788.000000, 73.354, -10.4942
800.000000, 73.373, -10.0532
812.000000, 73.395, -9.5926
825.000000, 73.423, -9.0655
838.000000, 73.450, -8.5198
850.000000, 73.477, -8.0134
862.000000, 73.515, -7.5116
875.000000, 73.563, -6.9874
885.000000, 73.602, -6.5927
900.000000, 73.666, -5.9976
912.000000, 73.720, -5.5473
925.000000, 73.780, -5.0425
938.000000, 73.844, -4.5520
950.000000, 73.906, -4.1144
962.000000, 73.972, -3.6925
975.000000, 74.053, -3.2666
988.000000, 74.142, -2.8674
1000.000000, 74.226, -2.4910
1015.000000, 74.326, -2.1351
1030.000000, 74.426, -1.8007
1044.000000, 74.526, -1.5172
1060.000000, 74.645, -1.2679
1075.000000, 74.754, -1.0549
1090.000000, 74.862, -0.8853
1106.000000, 74.977, -0.7465
1120.000000, 75.074, -0.6559
1138.000000, 75.200, -0.5899
1150.000000, 75.285, -0.5925
1172.000000, 75.434, -0.6506
1180.000000, 75.486, -0.6813
1206.000000, 75.645, -0.8308
1220.000000, 75.723, -0.9168
1241.000000, 75.835, -1.0752
1250.000000, 75.882, -1.1550
1265.000000, 75.958, -1.2857
1280.000000, 76.029, -1.4068
1315.000000, 76.183, -1.6690
1320.000000, 76.204, -1.7060
1340.000000, 76.284, -1.8552
1360.000000, 76.357, -1.9968
1380.000000, 76.428, -2.1177
1400.000000, 76.496, -2.2148
1430.000000, 76.600, -2.3300
1450.000000, 76.665, -2.4178
1475.000000, 76.737, -2.5173
1500.000000, 76.805, -2.5892
1525.000000, 76.871, -2.6499
1550.000000, 76.938, -2.6766
1575.000000, 77.012, -2.6572
1600.000000, 77.086, -2.6130
1625.000000, 77.160, -2.5831
1650.000000, 77.237, -2.5264
1675.000000, 77.308, -2.4183
1700.000000, 77.378, -2.2876
1725.000000, 77.450, -2.1588
1750.000000, 77.529, -2.0353
1775.000000, 77.616, -1.9158
1800.000000, 77.704, -1.7883
1825.000000, 77.791, -1.6525
1850.000000, 77.882, -1.5169
1875.000000, 77.971, -1.3814
1900.000000, 78.057, -1.2330
1925.000000, 78.142, -1.0827
1950.000000, 78.235, -0.9511
1975.000000, 78.334, -0.8440
2000.000000, 78.440, -0.7356
2030.000000, 78.579, -0.6128
2060.000000, 78.721, -0.5118
2090.000000, 78.867, -0.4322
2120.000000, 79.013, -0.3810
2140.000000, 79.112, -0.3648
2180.000000, 79.314, -0.3861
2200.000000, 79.419, -0.4122
2240.000000, 79.637, -0.5034
2270.000000, 79.804, -0.6193
2300.000000, 79.974, -0.7871
2330.000000, 80.144, -1.0068
2360.000000, 80.310, -1.2680
2400.000000, 80.521, -1.6771
2430.000000, 80.674, -2.0402
2470.000000, 80.877, -2.6070
2500.000000, 81.030, -3.0953
2540.000000, 81.237, -3.8021
2580.000000, 81.445, -4.5855
2620.000000, 81.653, -5.4555
2650.000000, 81.805, -6.1793
2690.000000, 82.000, -7.2592
2720.000000, 82.138, -8.1602
2760.000000, 82.308, -9.4644
2800.000000, 82.459, -10.8795
2850.000000, 82.616, -12.7935
2900.000000, 82.732, -14.8426
2950.000000, 82.808, -16.9574
3000.000000, 82.841, -19.0760
3040.000000, 82.831, -20.7459
3070.000000, 82.805, -21.9590
3110.000000, 82.745, -23.4985
3150.000000, 82.660, -24.9450
3200.000000, 82.524, -26.6021
3250.000000, 82.367, -28.0652
3300.000000, 82.197, -29.3390
3350.000000, 82.018, -30.4398
3400.000000, 81.830, -31.3729
3450.000000, 81.632, -32.1349
3500.000000, 81.422, -32.7208
3550.000000, 81.206, -33.1233
3600.000000, 80.989, -33.3611
3650.000000, 80.772, -33.4349
3700.000000, 80.557, -33.3432
3750.000000, 80.348, -33.1044
3820.000000, 80.073, -32.5174
3870.000000, 79.889, -31.9534
3950.000000, 79.618, -30.8040
4000.000000, 79.467, -29.9675
4060.000000, 79.303, -28.8713
4120.000000, 79.157, -27.6623
4180.000000, 79.032, -26.3800
4250.000000, 78.912, -24.8031
4310.000000, 78.833, -23.4190
4370.000000, 78.778, -22.0415
4440.000000, 78.741, -20.4385
4500.000000, 78.731, -19.0828
4550.000000, 78.736, -17.9872
4620.000000, 78.758, -16.5150
4680.000000, 78.790, -15.3238
4750.000000, 78.847, -14.0412
4820.000000, 78.917, -12.9270
4870.000000, 78.970, -12.2541
4940.000000, 79.046, -11.4769
5000.000000, 79.112, -10.9583
5080.000000, 79.192, -10.4959
5150.000000, 79.242, -10.2985
5220.000000, 79.268, -10.2793
5300.000000, 79.260, -10.4288
5380.000000, 79.203, -10.7188
5450.000000, 79.104, -11.0384
5520.000000, 78.957, -11.3369
5600.000000, 78.728, -11.5682
5700.000000, 78.357, -11.5597
5800.000000, 77.909, -11.0600
5900.000000, 77.407, -9.9648
6000.000000, 76.876, -8.1939
6080.000000, 76.447, -6.2496
6150.000000, 76.078, -4.2014
6220.000000, 75.719, -1.8506
6300.000000, 75.328, 1.2153
6400.000000, 74.879, 5.5620
6500.000000, 74.486, 10.3642
6600.000000, 74.161, 15.5313
6700.000000, 73.912, 20.9937
6800.000000, 73.745, 26.6746
6900.000000, 73.663, 32.5047
7000.000000, 73.665, 38.3946
7100.000000, 73.751, 44.2766
7200.000000, 73.922, 50.0240
7300.000000, 74.172, 55.5514
7400.000000, 74.496, 60.8244
7500.000000, 74.895, 65.8103
7620.000000, 75.482, 71.3027
7750.000000, 76.263, 76.3892
7880.000000, 77.163, 79.9070
8000.000000, 78.020, 81.5196
8120.000000, 78.848, 81.6044
8250.000000, 79.640, 79.7560
8380.000000, 80.188, 75.9404
8500.000000, 80.358, 71.3044
8620.000000, 80.163, 66.5897
8750.000000, 79.599, 62.5217
8850.000000, 79.003, 60.5026
9000.000000, 77.969, 59.0948
9120.000000, 77.046, 59.1718
9250.000000, 75.961, 60.7096
9380.000000, 74.862, 63.9961
9500.000000, 73.914, 68.4155
9620.000000, 73.082, 73.7774
9750.000000, 72.330, 80.0996
9880.000000, 71.703, 86.4996
10000.000000, 71.183, 92.3193
10150.000000, 70.545, 99.6705
10300.000000, 69.910, 107.6668
10440.000000, 69.385, 115.9020
10600.000000, 68.913, 125.7566
10750.000000, 68.577, 135.2068
10900.000000, 68.347, 144.8295
11060.000000, 68.233, 155.0441
11200.000000, 68.229, 163.6740
11380.000000, 68.303, 174.2560
11500.000000, 68.370, -178.9545
11720.000000, 68.515, -166.7522
11800.000000, 68.581, -162.3355
12060.000000, 68.879, -147.8564
12200.000000, 69.110, -140.1416
12410.000000, 69.550, -128.9435
12500.000000, 69.772, -124.3121
12650.000000, 70.178, -116.8447
12800.000000, 70.623, -109.7350
13150.000000, 71.789, -94.9791
13200.000000, 71.968, -93.1122
13400.000000, 72.696, -86.3773
13600.000000, 73.408, -80.9991
13800.000000, 74.034, -77.1009
14000.000000, 74.483, -74.4919
14300.000000, 74.700, -71.6093
14500.000000, 74.549, -69.3445
14750.000000, 74.130, -65.3239
15000.000000, 73.574, -59.7025
15250.000000, 72.976, -52.4364
15500.000000, 72.426, -43.5123
15750.000000, 72.036, -33.1383
16000.000000, 71.904, -21.9181
16250.000000, 72.094, -10.6252
16500.000000, 72.626, -0.3575
16750.000000, 73.468, 7.4862
17000.000000, 74.454, 11.2949
17250.000000, 75.209, 10.1132
17500.000000, 75.263, 5.0378
17750.000000, 74.329, -0.4680
18000.000000, 72.530, -2.4801
18250.000000, 70.230, 1.2736
18500.000000, 67.864, 12.7239
18750.000000, 66.350, 31.6322
19000.000000, 66.071, 44.5769
19250.000000, 65.530, 49.0432
19500.000000, 64.239, 54.0747
19750.000000, 62.721, 61.9065
20000.000000, 61.665, 69.1702
