20	3.217963637924223
20.290906698750476	3.223814663289269
20.586044732869844	3.229666207741708
20.885475648548283	3.2355181726582827
21.189261887185914	3.2413690634093117
21.49746679841394	3.2472154172031398
21.810154653305165	3.2530515028106324
22.12739065777668	3.258869154497044
22.449240966187475	3.264657845398579
22.77577269513385	3.270404854228381
23.107053937445478	3.2760955482736325
23.44315377638505	3.28171390275828
23.784142300054445	3.2872431412286205
24.130090616010463	3.292666523595618
24.481070866093134	3.297968127770908
24.837156241469714	3.3031333505257097
25.1984209978975	3.308149156167003
25.56494047120865	3.313004195334061
25.936791093020236	3.3176887443068965
26.3140504066728	3.3221946138364706
26.69679708340074	3.326515042432754
27.08511093873791	3.330644613741815
27.47907294916184	3.334579253858662
27.878765268980047	3.338316189832088
28.284271247461966	3.3418539535485143
28.695675446220072	3.345192464015165
29.11306365684382	3.3483331690531917
29.536522918790062	3.351279152243764
29.966141537533712	3.354035132999595
30.402009102982383	3.3566074350866635
30.844216508158908	3.3590040984165905
31.29285596815558	3.3612348214565544
31.74802103936409	3.3633108085882344
32.20980663898519	3.3652447123681366
32.67830906482211	3.3670504712041605
33.153626015361866	3.36874300846502
33.63585661014871	3.370337836081073
34.125101410453844	3.3718505517405055
34.62146244024586	3.37329634701563
35.12504320746613	3.374689618231611
35.635948725613716	3.376043675732702
36.15428553564419	3.377370335200016
36.68016172818701	3.3786795122020106
37.21368696608603	3.3799790155510734
37.754972507267915	3.381274583337504
38.30413122794313	3.38256984975172
38.86127764614443	3.3838663480823996
39.4265279456077	3.3851636265968335
40.000000000000206	3.386459419443822
40.58181339750116	3.38774975170849
41.1720894657399	3.389029169815373
41.77095129709678	3.3902909654545237
42.37852377437204	3.3915273991675114
42.9949335968281	3.3927299256897054
43.62030930661056	3.3938894361280068
44.25478131555359	3.3949967076806904
44.89848193237519	3.3960427822487897
45.55154539026795	3.397019254955506
46.21410787489121	3.397918576166409
46.88630755277036	3.3987342166149537
47.56828460010916	3.3994607857386554
48.260181232021196	3.400094344149596
48.962141732186545	3.4006325550186123
49.674312482939705	3.401074736649477
50.39684199579528	3.401421734918802
51.129880942417586	3.4016757757006277
51.873582186040764	3.401840349358587
52.628100813345895	3.4019200953610813
53.393594166801776	3.4019205632385074
54.17022187747612	3.4018478905199876
54.95814589832399	3.4017086025610936
55.75753053796041	3.4015094568843964
56.56854249492426	3.40125734880856
57.39135089244048	3.400959355963318
58.226127313687975	3.4006228313532807
59.073045837580466	3.400255514361185
59.932283075067765	3.399865657270545
60.804018205965114	3.399462164691873
61.68843301631817	3.3990547430266096
62.58571193631152	3.3986540567918584
63.49604207872855	3.398271857569497
64.41961327797075	3.3979209551153695
65.35661812964459	3.3976150199319193
66.3072520307241	3.397368382764013
67.27171322029778	3.397195926703942
68.25020282090806	3.3971130050776477
69.2429248804921	3.3971351899014444
70.25008641493265	3.3972780331313994
71.27189745122783	3.3975568764070365
72.30857107128878	3.397986454816462
73.36032345637442	3.398580488517367
74.42737393217246	3.3993513184680517
75.50994501453623	3.400309442729156
76.60826245588666	3.4014631375324935
77.72255529228926	3.402818064780099
78.85305589121582	3.4043769060061617
80.00000000000082	3.4061389905619186
81.16362679500274	3.408099818985468
82.34417893148023	3.4102509025134338
83.541902594194	3.412579433665194
84.75704754874454	3.415068101641285
85.98986719365665	3.41769516103221
87.24061861322157	3.4204346014890734
88.50956263110764	3.4232563599605212
89.79696386475084	3.4261266932784666
91.10309078053635	3.4290086336403913
92.42821574978288	3.4318625817041992
93.77261510554118	3.4346469386840095
95.13656920021877	3.437318691716635
96.52036246404286	3.4398339681094923
97.92428346437356	3.442148333184509
99.34862496587989	3.4442168821995987
100.79368399159105	3.445994442181213
102.25976188483567	3.4474357516610974
103.74716437208203	3.4484958867069624
105.25620162669229	3.4491309890283266
106.78718833360406	3.44929925878016
108.34044375495276	3.448962160008011
109.9162917966485	3.4480857804207092
111.51506107592134	3.446642004248091
113.13708498984903	3.444609333445144
114.78270178488147	3.4419736781188757
116.45225462737648	3.438729089900531
118.14609167516147	3.434878258853245
119.86456615013608	3.4304330119268958
121.60803641193078	3.4254146978048254
123.3768660326369	3.4198545337670097
125.17142387262359	3.4137938293379486
126.99208415745765	3.4072837818223616
128.83922655594208	3.4003850982062866
130.71323625928977	3.3931668662377117
132.61450406144883	3.385704849724523
134.5434264405962	3.3780796503169186
136.50040564181674	3.3703750153636833
138.48584976098482	3.3626758743021434
140.50017282986593	3.355066493236797
142.5437949024563	3.347628753238767
144.61714214257822	3.340440695212891
146.7206469127495	3.3335751706699694
148.8547478643456	3.3270985564277913
151.01989002907314	3.321069897290631
153.216524911774	3.3155400708742078
155.4451105845792	3.3105508700082154
157.70611178243232	3.3061341460986973
160.00000000000236	3.3023111825672817
162.3272535900062	3.2990924898458682
164.6883578629612	3.2964777996767447
167.08380518838874	3.2944562272681552
169.51409509748981	3.2930066996529224
171.97973438731407	3.292098985472286
174.4812372264439	3.291695056761954
177.01912526221608	3.291750498594322
179.5939277295025	3.292216330380241
182.20618156107355	3.2930407444879926
184.85643149956664	3.2941713249087337
187.54523021108326	3.295557460962583
190.27313840043846	3.297152682581316
193.04072492808663	3.2989169047144435
195.84856692874806	3.30081861286627
198.69724993176072	3.3028369744006074
201.58736798318304	3.304963660819696
204.5195237696723	3.3072040925793127
207.49432874416505	3.309578083547394
210.5124032533856	3.3121201485957985
213.57437666720915	3.3148792878496685
216.68088750990657	3.317917949838334
219.83258359329807	3.32131038924773
223.03012215184378	3.325140721823367
226.2741699796992	3.3295005151124384
229.5654035697641	3.3344861696005728
232.90450925475412	3.3401961107544684
236.2921833503241	3.3467279921030024
239.72913230027333	3.354175671815535
243.21607282386276	3.3626264337585
246.75373206527502	3.3721586198570423
250.34284774524843	3.3828393044066716
253.9841683149166	3.394722407308186
257.67845311188546	3.4078467619900272
261.42647251858085	3.42223491606031
265.22900812289896	3.437892695266584
269.08685288119375	3.454809522660506
273.0008112836349	3.4729594844690572
276.97169952197106	3.4923020725872203
281.00034565973334	3.51278384884143
285.0875898049141	3.5343406863556437
289.23428428515797	3.5568995818465488
293.44129382550057	3.580380106590781
297.7094957286928	3.60469594897241
302.0397800581479	3.6297566583560235
306.4330498235497	3.6554695457606137
310.89022116916016	3.681741346800663
315.41222356486645	3.7084797485442555
320.00000000000654	3.735594072839175
324.6545071800142	3.7629947740287237
329.3767157259242	3.79059282111443
334.16761037677935	3.8182990394918415
339.02819019498156	3.8460229267351482
343.95946877463007	3.8736715476936263
348.9624744528898	3.9011486929290116
354.03825052443415	3.9283538922691497
359.187855459007	3.95518162127124
364.4123631221491	3.9815207559957453
369.71286299913527	4.007255100203825
375.0904604221685	4.032263771538993
380.54627680087896	4.056422087889237
386.08144985617537	4.079602893702304
391.6971338574982	4.1016786585802905
397.3944998635236	4.122523810725392
403.1747359663683	4.142017129428927
409.0390475393468	4.160045235835378
414.9886574883323	4.176506646532888
421.0248065067734	4.191315873011497
427.1487533344206	4.204407427311285
433.3617750198154	4.215739365588231
439.6651671865984	4.225295776555963
446.06024430368984	4.233087202254694
452.54833995940066	4.239149413448712
459.13080713953053	4.243541102321615
465.8090185095106	4.2463401246108425
472.58436670065066	4.247638781223366
479.45826460054917	4.247538380173511
486.432145647728	4.246142643504761
493.50746413055253	4.243550130619363
500.6856954904994	4.239846923646099
507.9683366298358	4.235101467908775
515.3569062237735	4.229361659271726
522.8529450371643	4.222653637738418
530.4580162458005	4.21498364583122
538.1737057623901	4.206340721460999
546.0016225672724	4.196700261261228
553.9433990439449	4.1860278960684125
562.0006913194694	4.174284139130881
570.1751796098309	4.161430929750058
578.4685685703187	4.14743732576823
586.8825876510039	4.1322845431851665
595.4189914573883	4.115970227384024
604.0795601162986	4.0985129781165845
612.8660996471021	4.07995648814911
621.780442338323	4.060372521849404
630.8244471297356	4.039862562980972
640.0000000000159	4.018558826695258
649.3090143600314	3.9966219381866126
658.7534314518515	3.97423492287154
668.3352207535618	3.9515951770386195
678.0563803899662	3.9289063367620187
687.9189375492632	3.9063711457003154
697.9249489057827	3.884184162508857
708.0765010488715	3.862525174304599
718.3757109180171	3.84155483360075
728.8247262443015	3.8214118630424148
739.425725998274	3.8022126971493373
750.1809208443404	3.7840542772151355
761.0925536017613	3.7670196645049723
772.1628997123541	3.75118574829198
783.3942677149998	3.7366365622026314
794.7889997270506	3.7234794789451646
806.34947193274	3.7118629382636796
818.0780950786972	3.701990303579562
829.9773149766683	3.6941246817364917
842.0496130135506	3.688585496683814
854.2975066688449	3.6857397286256255
866.7235500396347	3.6859912525157066
879.3303343732008	3.689772218551111
892.1204886073838	3.6975346418595834
905.0966799188055	3.709740981936074
918.2616142790653	3.726854277443835
931.6180370190256	3.749326492927058
945.1687334013056	3.77758637715849
958.9165292011028	3.8120236603393165
972.8642912954606	3.852968428720155
987.0149282611097	3.900664042810023
1001.3713909810035	3.955237541604809
1015.9366732596762	4.016671839815875
1030.7138124475518	4.084795353395988
1045.7058900743334	4.159293384638977
1060.916032491606	4.239733862246878
1076.3474115247852	4.325596672685259
1092.0032451345498	4.416300633289951
1107.8867980878947	4.511226662922809
1124.0013826389438	4.609733264625595
1140.350359219667	4.711170085211709
1156.9371371406426	4.8148903963673355
1173.765175302013	4.92026344012538
1190.837982914782	5.0266868659021595
1208.1591202326028	5.133602324825266
1225.73219929421	5.240515860181227
1243.5608846766518	5.34702446783922
1261.648894259477	5.4528410326959795
1280.0000000000375	5.55781017220512
1298.6180287200684	5.661905439448365
1317.5068629037087	5.765212356708626
1336.6704415071292	5.867902034243609
1356.112760779938	5.970210188138617
1375.8378750985323	6.072417331262234
1395.8498978115715	6.174832698122259
1416.153002097749	6.277778876736416
1436.7514218360407	6.381580982968699
1457.6494524886093	6.486561115735242
1478.8514519965543	6.593037533849928
1500.3618416886875	6.701325085675825
1522.1851072035295	6.811733750625555
1544.3257994247153	6.924569604437641
1566.788535430007	7.040137162910899
1589.5779994541087	7.158737585319212
1612.6989438654878	7.280667557110957
1636.156190157402	7.406221316095686
1659.9546299533442	7.535697753138069
1684.099226027109	7.669411262117015
1708.5950133376978	7.807705244048532
1733.4471000792773	7.9509694577264955
1758.6606687464096	8.099657089851146
1784.2409772147755	8.254297755182984
1810.193359837619	8.415510362788199
1836.5232285581387	8.584013762831578
1863.2360740380593	8.76062183638681
1890.3374668026197	8.946216348576328
1917.833058402214	9.141694931372527
1945.7285825909298	9.347884824600468
1974.0298565222283	9.5654121174445
2002.7427819620161	9.79453197477653
2031.8733465193618	10.034965079754171
2061.4276248951132	10.2858445465727
2091.411780148677	10.545792118539927
2121.832064983222	10.81306645148408
2152.694823049581	11.085718854658706
2184.0064902691106	11.361716355190033
2215.7735961758003	11.639010122545104
2248.002765277899	11.915571738118231
2280.7007184393456	12.189406518010282
2313.874274281297	12.45856731793894
2347.530350604038	12.721157090946178
2381.6759658295764	12.975337365130326
2416.318240465218	13.219357437465783
2451.4643985884327	13.451616669949946
2487.1217693533167	13.670776853885286
2523.2977885189675	13.875867611387953
2560.0000000000887	14.066360087112919
2597.236057440151	14.242119430158112
2635.0137258074315	14.403283447255792
2673.340883014273	14.550113038608913
2712.225521559891	14.682864055399627
2751.6757501970797	14.801679445686744
2791.699795623158	14.906526908022267
2832.3060041955137	14.997139734069075
2873.502843672097	15.072976733285321
2915.2989049772345	15.133178679976256
2957.7029039931244	15.17655837075408
3000.723683377391	15.201649865042995
3044.370214407075	15.206837642745159
3088.6515988494466	15.19057295221902
3133.57707086003	15.151680692604415
3179.1559989082334	15.089689541900754
3225.3978877309914	15.005079575684373
3272.3123803148205	14.899232150328276
3319.9092599067053	14.774153151850417
3368.198452054235	14.632121126170208
3417.190026675413	14.47539812707307
3466.8942001585724	14.3060609450732
3517.3213374928373	14.125942964159313
3568.4819544295697	13.936648447196026
3620.386719675257	13.739619508240683
3673.0464571162966	13.536238448066907
3726.472148076138	13.32792668848682
3780.6749336052594	13.116240572157094
3835.6661168044484	12.90293025800666
3891.45716518188	12.689899022632371
3948.059713044477	12.479051521529195
4005.4855639240527	12.27203988069872
4063.746693038744	12.069933547940053
4122.855249790247	11.873062712198276
4182.823560297375	11.68115384650042
4243.664129966465	11.493610047424319
4305.389646099183	11.309779738856843
4368.012980538242	11.129139178054462
4431.5471923516225	10.951372969315857
4496.00553055582	10.776379862621662
4561.401436878714	10.604255811447619
4627.748548562617	10.435261374389714
4695.060701208099	10.269805412732014
4763.351931659176	10.10840216163242
4832.63648093046	9.951631813976093
4902.928797176889	9.800082034688202
4974.243538706657	9.654286658268797
5046.595577037959	9.514649848152395
5120.000000000202	9.381384231922414
5194.472114880326	9.254536442871398
5270.027451614888	9.134026384065947
5346.6817660285715	9.019723630779607
5424.451043119808	8.911523157222735
5503.351500394186	8.809373455441149
5583.399591246343	8.713292791074693
5664.612008391055	8.623381721696916
5747.005687344222	8.539885346589724
5830.597809954497	8.46335664232812
5915.405807986278	8.394804362913515
6001.447366754812	8.335783587229326
6088.740428814181	8.288363540167943
6177.303197698925	8.254851694898665
6267.154141720092	8.237275410695384
6358.3119978165005	8.23654085543058
6450.795775462017	8.251751121944674
6544.624760629676	8.280364290732866
6639.818519813445	8.318927587072176
6736.396904108505	8.363906858057085
6834.380053350861	8.412238481716594
6933.788400317181	8.461530751890637
7034.642674985712	8.50999696733161
7136.963908859177	8.556214231507546
7240.773439350552	8.598864062708003
7346.092914232631	8.636506564731281
7452.944296152315	8.667300058327077
7561.349867210557	8.688582453202935
7671.332233608935	8.696440126443244
7782.914330363799	8.685519543057058
7896.119426088994	8.649529408038138
8010.971127848146	8.582776306911512
8127.49338607753	8.482390537823974
8245.710499580537	8.349575532010446
8365.647120594791	8.18866571289395
8487.328259932974	8.004937067188669
8610.77929219841	7.802875194225704
8736.025961076528	7.585577922748588
8863.094384703289	7.354950384704567
8992.011061111683	7.112057491311485
9122.802873757471	6.857555749820884
9255.497097125279	6.592060332345791
9390.121402416245	6.316425167577111
9526.7038633184	6.031950297186667
9665.272961860968	5.740422121880921
9805.857594353829	5.444091139585241
9948.487077413367	5.145303579154622
10093.19115407597	4.845825049571559
10240.000000000457	4.546180270490764
10388.944229760706	4.2457389108458115
10540.05490322983	3.9433494882848854
10693.363532057198	3.6379459204747575
10848.902086239672	3.328851897311951
11006.703000788428	3.015767468294249
11166.799182492743	2.6986994388627035
11329.224016782166	2.377954618499789
11494.0113746885	2.0540359871268876
11661.195619909053	1.7278747362182074
11830.811615972614	1.401274482234427
12002.894733509682	1.0775808656000827
12177.48085762842	0.7622380208089774
12354.606395397908	0.46312439798857075
12534.308283440243	0.18944624270846652
12716.62399563306	-0.04989308140682475
12901.591550924093	-0.2491096331564026
13089.249521259411	-0.4053661926858462
13279.637039626952	-0.5145138292617135
13472.793808217073	-0.5731085534051386
13668.760106701786	-0.5817952861248764
13867.576800634426	-0.5458552166825763
14069.285349971487	-0.4741497811645196
14273.927817718419	-0.37699471577793847
14481.54687870117	-0.2637641840464114
14692.18582846533	-0.14237878962547632
14905.888592304698	-0.018918091803610235
15122.699734421185	0.10202303496351026
15342.664467217943	0.21563280400950793
15565.828660727671	0.31475636048041084
15792.238852178061	0.38889411135125274
16021.942255696367	0.4264765267639877
16254.986772155136	0.42090156222222364
16491.42099916115	0.37517354166159383
16731.294241189662	0.29897768046374573
16974.65651986603	0.20161449901931294
17221.558584396902	0.08873353718531445
17472.051922153143	-0.0368986613674506
17726.188769406665	-0.1732704552202055
17984.022122223458	-0.31653212010190135
18245.605747515034	-0.4604222135847396
18510.99419425065	-0.5982075302779157
18780.242804832582	-0.7255585087746159
19053.40772663689	-0.8406983938125674
19330.545923722028	-0.942241668932954
19611.71518870775	-1.02704022592236
19896.974154826825	-1.0911635828539659
20186.382308152035	-1.1374752298694253